⁸ 432 11111111111111111

311111 99 3333 333333333333333333, 99111
111 91111 3333 33 ’1111199111ιῇ 333 333333333

11111111 91 1111191111 91119 ’11191 3333 1111111111
3333333333 3333'333 333 ,1111111191
9 9111111111 11191 111111 1111111 1111111111 111 3
11111111, 919111 1111911119 33 11199 111111 11111 919119,
11111 9999191911119111111111191111911,
1111191 1111 1191111 3233· 9191111, 11911 333 3
11911119919911191119111119119111191,11119119Ὓ919191 9
99999 ,,,,, 91111111, 1191 1111991919111111911
¹ 9111111. 1111111,9199119191111111911119111111119
{suff ’8111111111 1199111919 91191111 t&53333333

mm 033 333 1119 9111911111, 11919111 9111111111 9111911,
ρῳ, 1111) 9111111119 1111111 11119· 3333 (1111111111 91

, 1111111119, 3333 3333333333333333333 9119111, 1111
111111 ’11191 1111111 3333 33 1111199111

· 13333333 3333333 3333 333 333 33333,¹ 333 9111911 9111911
399999 1111111111 3333 33²3 333 1111 3 3

Ν ineu 11111111111111111, 333 33 333 1919111 11111 11 1111911111
mm* ,9999111 3033· 11111911 1111, 3333 ς1111111111

’ ’ΜὟΘ1111111 1119111 911111 333 1119119111 ’111
, 333333 91111111,91’91919111919111131111191,Ι 3333
¹¹331331'333 11111111 3333 1111111111,’1111111111

'2⁸3¹'ss 111ιεί’1191 9111· 333 333 (11111111Ι 33333333333' 3
‚3¹:3⁶¹ 1191119111911911119111 911109191199191191912
ὠ11119191119111111111111111911119119111111

‘¹ 11111119191911191111111619111191111

111111 1111 11-1111119111,ἰ’1ι11 1111 91119 61111111

{⁶³⁴ 1119119119111 6111191999, 11119191111111111
,91991111 1111191111,19191111911111111111,ιςῃ 1111111111
‘ 919, 9,, ·,11111 1191611191111119111111111 3
1111111111 1191111191,1111116191911119911111111111

” ³³¹⁹¹¹'‘· ,. Ι 11111 :333 333333'3333333 11 1119119999

 

