N

562 Τ GEs-TA ET VESTIGIA ’

999 999 9 ’9,9999 999999· 99999 999 999 9999 §sice 9999999999 69
. 090,Νὲοέ 9999999 9999999999 09999999999, 999 99999999 9999999999
9999999999, 99999 903999, 999 9999999 9999999999 93999

9999999 9999999, 99999999999999999999999999999999

9999 aud) 9999999999 99999 999 999999 9999999999 ·

ιιιι ιιιιιιιι ιι-ι ἓῢ99999 999999 Q& 9999 9999999 99 9999999 99 9999999
9909 0000000 099·99999999999, 999 99999 999 99999 999 9999 99999999
ι ,Η 9 0999 9999 99999999, 9999999 aud> 999 999999 9999999999
9,,οῑ f 0099 999 9999999999, 999 9999 999999999999999999 99

01,99999 99999, 999 99999 999 99999999 99999 999 99999999·
ζο,0,,,,, 0000000900 99999 9999999999 9999999 ,99 999 mon 99999 9999999999
, ’, 9919999999999ῢ9999999999999999, 9999999999 99999999,

’ 999999 9999999999 999999 9999999999 tc.

99 9999 99999999, 999 999999999999199996999999999 . ι

9,,999, ,0 9999999. 999999 9999 9999999999πέ 999999 999 ,

00999 pn 999999 9999999999, 99999999 9999 999 99999 99999999

{5555 0000000000 ,9ἷῇ 9999Θ999999,999 90999999 39999099 999 allen 39999 999 ,
0000000999 ¹·t 9999 999999 999999 9999999999 99 999999, 9999 999 9999 ι

9999919999-

agonum 9999999999 09999 99999 ηοιιο 999999, 99999 9999999999 ÷
ι 999 099999 99 9999999999 999999 999 999 ξῦ99999999 ι
99999 (01999999 999999 999, 9999 9999999999 99999 vie

, 9999 99999999 999 999 u (9999999999 999 99999, ,

· 999 10 999 ιι 9999999999, 9999999 999 99999999 999 ·

12 99 959999 999999 99999 99999999, 999 99999999 999

999 snae 5u [99999 0199999999999098999 99999 9999999 999 3

90,ξο m 009093 99999, 9999 999 9999 9999 9999 99999 999 , 99999 9999,

. s ιῗὲιιιῑῑ-πῑι 999 9999 999999 999999 9999999 9999999 99 999 99990

0,0,9,0,0,0000 00 9099009 99 999 99999 999 6999999999 mit 999999 9999999
99 999999 999 99999 999999 9999 99999999999,99991

“ 99 9199999999999999999999999 999 ‘mino 99999 in
999999 9999999999 999999, 999 0,ὒ9999999 999 &tesan

999999999919999999999 ξῦ999999 9999 99999 90900

900 0000009009 90 9999999 999 9999999 6999999 mit 999

99999· ι

 

